{
  "cells": [
    {
      "cell_type": "markdown",
      "id": "ec6e7d18-6a6e-4a51-a7cd-0a1152604973",
      "metadata": {
        "id": "ec6e7d18-6a6e-4a51-a7cd-0a1152604973"
      },
      "source": [
        "## Лабораторная работа №1 | Вариант 4"
      ]
    },
    {
      "cell_type": "markdown",
      "id": "277877ce-f982-4711-a6a6-2a4a90871409",
      "metadata": {
        "id": "277877ce-f982-4711-a6a6-2a4a90871409"
      },
      "source": [
        "Выполнила: Бурганова Элина"
      ]
    },
    {
      "cell_type": "markdown",
      "id": "031f025d-84dc-470f-b839-456a76d9636b",
      "metadata": {
        "id": "031f025d-84dc-470f-b839-456a76d9636b"
      },
      "source": [
        "### 1. Numpy"
      ]
    },
    {
      "cell_type": "code",
      "execution_count": null,
      "id": "8a2c6f8d-e85b-4982-ba6d-77ffdb7d53e8",
      "metadata": {
        "id": "8a2c6f8d-e85b-4982-ba6d-77ffdb7d53e8"
      },
      "outputs": [],
      "source": [
        "import numpy as np"
      ]
    },
    {
      "cell_type": "markdown",
      "id": "6ff3559d-5f3e-4540-9a31-bfb9f42a23da",
      "metadata": {
        "id": "6ff3559d-5f3e-4540-9a31-bfb9f42a23da"
      },
      "source": [
        "1. Найти индексы не нулевых элементов массива [1,2,0,0,4,0]"
      ]
    },
    {
      "cell_type": "code",
      "execution_count": 89,
      "id": "752bc586-1e3f-4085-85c3-4068b781314f",
      "metadata": {
        "id": "752bc586-1e3f-4085-85c3-4068b781314f",
        "outputId": "e859dfcc-8227-458c-a777-ef4d447ea89e",
        "colab": {
          "base_uri": "https://localhost:8080/"
        }
      },
      "outputs": [
        {
          "output_type": "execute_result",
          "data": {
            "text/plain": [
              "(array([0, 1, 4]),)"
            ]
          },
          "metadata": {},
          "execution_count": 89
        }
      ],
      "source": [
        "arr = [1, 2, 0, 0, 4, 0]\n",
        "idx = np.nonzero(arr)\n",
        "idx"
      ]
    },
    {
      "cell_type": "markdown",
      "id": "0243a0f6-1905-4e2d-9572-9ba49dc003a8",
      "metadata": {
        "id": "0243a0f6-1905-4e2d-9572-9ba49dc003a8"
      },
      "source": [
        "2. Создайте единичную матрицу размером 3х3"
      ]
    },
    {
      "cell_type": "code",
      "execution_count": 90,
      "id": "ec6ae581-5adf-459c-bdc7-8b015d9529f6",
      "metadata": {
        "id": "ec6ae581-5adf-459c-bdc7-8b015d9529f6",
        "colab": {
          "base_uri": "https://localhost:8080/"
        },
        "outputId": "3d3af9e0-3a20-496c-c80e-5811b57de0ba"
      },
      "outputs": [
        {
          "output_type": "execute_result",
          "data": {
            "text/plain": [
              "array([[1., 1., 1.],\n",
              "       [1., 1., 1.],\n",
              "       [1., 1., 1.]])"
            ]
          },
          "metadata": {},
          "execution_count": 90
        }
      ],
      "source": [
        "matrix = np.ones([3, 3])\n",
        "matrix"
      ]
    },
    {
      "cell_type": "markdown",
      "id": "8c7d3811-a555-4c02-ada8-e4a70b9dee46",
      "metadata": {
        "id": "8c7d3811-a555-4c02-ada8-e4a70b9dee46"
      },
      "source": [
        "3. Создайте матрицу-шахматную доску 8х8 используя функцию `tile`"
      ]
    },
    {
      "cell_type": "code",
      "execution_count": 91,
      "id": "12d0ed34-908c-4840-8b81-457e64dd7b0b",
      "metadata": {
        "id": "12d0ed34-908c-4840-8b81-457e64dd7b0b",
        "outputId": "db9957ac-3f6c-4a5d-dc12-aef215eee925",
        "colab": {
          "base_uri": "https://localhost:8080/"
        }
      },
      "outputs": [
        {
          "output_type": "execute_result",
          "data": {
            "text/plain": [
              "array([[0, 1, 0, 1, 0, 1, 0, 1],\n",
              "       [1, 0, 1, 0, 1, 0, 1, 0],\n",
              "       [0, 1, 0, 1, 0, 1, 0, 1],\n",
              "       [1, 0, 1, 0, 1, 0, 1, 0],\n",
              "       [0, 1, 0, 1, 0, 1, 0, 1],\n",
              "       [1, 0, 1, 0, 1, 0, 1, 0],\n",
              "       [0, 1, 0, 1, 0, 1, 0, 1],\n",
              "       [1, 0, 1, 0, 1, 0, 1, 0]])"
            ]
          },
          "metadata": {},
          "execution_count": 91
        }
      ],
      "source": [
        "checker_matrix = np.array([[0, 1], [1, 0]])\n",
        "checker_matrix = np.tile(checker_matrix, (4, 4))\n",
        "checker_matrix"
      ]
    },
    {
      "cell_type": "markdown",
      "id": "b7ca56e6-a194-4c42-b8a2-307fcf40f648",
      "metadata": {
        "id": "b7ca56e6-a194-4c42-b8a2-307fcf40f648"
      },
      "source": [
        "4. Дан 1D массив, удалите все элементы которые входят в диапазон `[3, 8]` inplace"
      ]
    },
    {
      "cell_type": "code",
      "execution_count": 92,
      "id": "1b1d64cd-0e28-400f-8d49-a1274947e150",
      "metadata": {
        "id": "1b1d64cd-0e28-400f-8d49-a1274947e150",
        "outputId": "9b3e31cf-241f-4727-c986-3858c0bd64a1",
        "colab": {
          "base_uri": "https://localhost:8080/"
        }
      },
      "outputs": [
        {
          "output_type": "execute_result",
          "data": {
            "text/plain": [
              "array([ 0,  4,  4, 15])"
            ]
          },
          "metadata": {},
          "execution_count": 92
        }
      ],
      "source": [
        "arr = np.array([0, 4, 4, 2, 1, 4, 8, 7, 10, 15])\n",
        "arr = np.delete(arr, [3, 4, 5, 6, 7, 8])\n",
        "arr"
      ]
    },
    {
      "cell_type": "markdown",
      "id": "b3b2cd1e-e996-45e0-b9ed-e12ce653a9c3",
      "metadata": {
        "id": "b3b2cd1e-e996-45e0-b9ed-e12ce653a9c3"
      },
      "source": [
        "5. Создайте случайный вектор размером 10 элементов и замените максимальный элемент на 0"
      ]
    },
    {
      "cell_type": "code",
      "execution_count": 93,
      "id": "c40ef785-d750-42ba-ac6e-b777866202a6",
      "metadata": {
        "id": "c40ef785-d750-42ba-ac6e-b777866202a6",
        "outputId": "2cc28617-c949-4a29-90d8-4c8fbf968510",
        "colab": {
          "base_uri": "https://localhost:8080/"
        }
      },
      "outputs": [
        {
          "output_type": "execute_result",
          "data": {
            "text/plain": [
              "array([3589, 9143, 4286, 8834,    0, 6589, 5225, 2951, 5815, 1029])"
            ]
          },
          "metadata": {},
          "execution_count": 93
        }
      ],
      "source": [
        "arr = np.random.randint(10000, size=10)\n",
        "arr[np.where(arr == np.max(arr))] = 0\n",
        "arr"
      ]
    },
    {
      "cell_type": "markdown",
      "id": "8108b3a8-5ba8-472d-ad6b-095ade8678ef",
      "metadata": {
        "id": "8108b3a8-5ba8-472d-ad6b-095ade8678ef"
      },
      "source": [
        "6. Как распечатать все значения в массиве?"
      ]
    },
    {
      "cell_type": "code",
      "execution_count": 94,
      "id": "89b58c0a-bd5d-435a-be45-719fdfce662a",
      "metadata": {
        "id": "89b58c0a-bd5d-435a-be45-719fdfce662a",
        "outputId": "c5309198-a2bd-46a8-99db-f4d73d6612b4",
        "colab": {
          "base_uri": "https://localhost:8080/"
        }
      },
      "outputs": [
        {
          "output_type": "execute_result",
          "data": {
            "text/plain": [
              "array([  0,   1,   2,   3,   4,   5,   6,   7,   8,   9,  10,  11,  12,\n",
              "        13,  14,  15,  16,  17,  18,  19,  20,  21,  22,  23,  24,  25,\n",
              "        26,  27,  28,  29,  30,  31,  32,  33,  34,  35,  36,  37,  38,\n",
              "        39,  40,  41,  42,  43,  44,  45,  46,  47,  48,  49,  50,  51,\n",
              "        52,  53,  54,  55,  56,  57,  58,  59,  60,  61,  62,  63,  64,\n",
              "        65,  66,  67,  68,  69,  70,  71,  72,  73,  74,  75,  76,  77,\n",
              "        78,  79,  80,  81,  82,  83,  84,  85,  86,  87,  88,  89,  90,\n",
              "        91,  92,  93,  94,  95,  96,  97,  98,  99, 100, 101, 102])"
            ]
          },
          "metadata": {},
          "execution_count": 94
        }
      ],
      "source": [
        "import sys\n",
        "arr = np.arange(103)\n",
        "np.set_printoptions(threshold=sys.maxsize)\n",
        "arr"
      ]
    },
    {
      "cell_type": "markdown",
      "id": "98511652-db85-4506-a5b8-f94b05d35ce9",
      "metadata": {
        "id": "98511652-db85-4506-a5b8-f94b05d35ce9"
      },
      "source": [
        "7. Рассмотрим случайный вектор с формой 100х2, представляющей координаты, и найдем расстояния от точки к точке"
      ]
    },
    {
      "cell_type": "code",
      "execution_count": 95,
      "id": "ca72cdb0-ed24-460d-81a9-220b850d62c3",
      "metadata": {
        "id": "ca72cdb0-ed24-460d-81a9-220b850d62c3",
        "outputId": "86de7dd9-636a-4bd9-c84b-3cfbdf8aac9b",
        "colab": {
          "base_uri": "https://localhost:8080/"
        }
      },
      "outputs": [
        {
          "output_type": "execute_result",
          "data": {
            "text/plain": [
              "array([[0.        , 0.4142406 , 0.50255256, 0.07732752, 0.25522288,\n",
              "        0.26557188, 0.38603764, 0.50418877, 0.25128517, 0.29315149,\n",
              "        0.43236772, 0.38637604, 0.52174075, 0.34899219, 0.28738017,\n",
              "        0.68088498, 0.30163943, 0.43879193, 0.28272191, 0.27005426,\n",
              "        0.2090798 , 0.21881391, 0.14966233, 0.62116402, 0.15162368,\n",
              "        0.60254808, 0.25968681, 0.33077757, 0.32732067, 0.4629551 ,\n",
              "        0.21182832, 0.58338258, 0.37703646, 0.59754699, 0.1485676 ,\n",
              "        0.62876783, 0.50090793, 0.49976283, 0.29126454, 0.56981752,\n",
              "        0.42583367, 0.75933064, 0.42748072, 0.29829363, 0.20460185,\n",
              "        0.36910811, 0.29461613, 0.57217143, 0.42425289, 0.35767822,\n",
              "        0.44309078, 0.58388452, 0.46935749, 0.43986568, 0.64586874,\n",
              "        0.16157581, 0.5049326 , 0.44296619, 0.26516695, 0.59287844,\n",
              "        0.13467102, 0.40224136, 0.32739221, 0.16699747, 0.39735571,\n",
              "        0.39456671, 0.56332023, 0.41207819, 0.39366292, 0.75162991,\n",
              "        0.5258349 , 0.43708646, 0.41408214, 0.29216536, 0.54524517,\n",
              "        0.44015526, 0.46863312, 0.68257666, 0.53929852, 0.35861095,\n",
              "        0.21542501, 0.36594693, 0.3604491 , 0.20533052, 0.42421535,\n",
              "        0.29122137, 0.14910877, 0.72933721, 0.38099817, 0.37932253,\n",
              "        0.36113771, 0.28864964, 0.03113829, 0.28949446, 0.10892509,\n",
              "        0.46916431, 0.45259074, 0.53919508, 0.26778261, 0.66930394],\n",
              "       [0.4142406 , 0.        , 0.83357803, 0.33935548, 0.61980384,\n",
              "        0.63173209, 0.53250821, 0.84690601, 0.63494656, 0.27705291,\n",
              "        0.33640585, 0.66093028, 0.51094482, 0.46593572, 0.17892098,\n",
              "        0.46660549, 0.30054053, 0.31017507, 0.69690784, 0.48481267,\n",
              "        0.2148807 , 0.33122589, 0.40167315, 0.25729029, 0.48967912,\n",
              "        0.87293764, 0.29425913, 0.43524948, 0.35524569, 0.2970114 ,\n",
              "        0.23947352, 0.23769945, 0.13228054, 0.87686207, 0.2681114 ,\n",
              "        0.33891816, 0.32205686, 0.57468704, 0.36040523, 0.23722652,\n",
              "        0.82384061, 0.45583407, 0.27368982, 0.13964594, 0.24391386,\n",
              "        0.50513017, 0.37278272, 0.44809609, 0.70307817, 0.33903966,\n",
              "        0.03118819, 0.53567245, 0.77991874, 0.03823961, 0.35682427,\n",
              "        0.25480646, 0.14094294, 0.58512171, 0.25862825, 0.94317354,\n",
              "        0.5385054 , 0.33216421, 0.67977063, 0.25291638, 0.13754769,\n",
              "        0.36107022, 0.17933238, 0.27900636, 0.47796425, 0.44478254,\n",
              "        0.12159206, 0.40030841, 0.0274862 , 0.46653694, 0.20997223,\n",
              "        0.28912605, 0.80941759, 0.4770354 , 0.88252923, 0.07267437,\n",
              "        0.21989892, 0.11928824, 0.75431297, 0.24009757, 0.74250041,\n",
              "        0.51172786, 0.53721311, 0.4109666 , 0.20962294, 0.09415087,\n",
              "        0.74811204, 0.60220481, 0.38311551, 0.3218636 , 0.32492768,\n",
              "        0.8598471 , 0.2294914 , 0.25582296, 0.23441599, 0.50616543],\n",
              "       [0.50255256, 0.83357803, 0.        , 0.56664868, 0.24837922,\n",
              "        0.2390786 , 0.85066697, 0.03246451, 0.26467893, 0.79409837,\n",
              "        0.93466588, 0.18804474, 1.01488748, 0.42126341, 0.7676516 ,\n",
              "        0.83412482, 0.55904313, 0.93963479, 0.37721434, 0.35625604,\n",
              "        0.62866566, 0.50401117, 0.43641069, 1.0803889 , 0.58985711,\n",
              "        0.91975162, 0.54799433, 0.8199307 , 0.8286655 , 0.69195129,\n",
              "        0.70083835, 0.89608406, 0.732875  , 0.90506343, 0.59517609,\n",
              "        0.87517104, 0.99991498, 0.44929721, 0.79158048, 1.04017976,\n",
              "        0.22831885, 1.24589989, 0.67463123, 0.7627684 , 0.6937058 ,\n",
              "        0.39075207, 0.48717357, 0.68953783, 0.15456825, 0.5589248 ,\n",
              "        0.86468812, 0.61396474, 0.06606482, 0.86900673, 0.88538165,\n",
              "        0.63173316, 0.85905088, 0.36246609, 0.58183502, 0.11632677,\n",
              "        0.48656548, 0.60173098, 0.17571118, 0.64267785, 0.7448296 ,\n",
              "        0.56836091, 0.91753864, 0.65591703, 0.87842156, 1.23706827,\n",
              "        0.95516161, 0.57136335, 0.82039443, 0.38569219, 1.01317825,\n",
              "        0.93911156, 0.03901522, 0.82628946, 0.05519799, 0.76198021,\n",
              "        0.61780236, 0.7339692 , 0.54215162, 0.69293238, 0.09170019,\n",
              "        0.33274684, 0.52257595, 1.21067258, 0.87135267, 0.7581472 ,\n",
              "        0.56563447, 0.23259676, 0.52396055, 0.53380419, 0.5327611 ,\n",
              "        0.1954149 , 0.73378129, 0.81691171, 0.60396626, 0.77526433],\n",
              "       [0.07732752, 0.33935548, 0.56664868, 0.        , 0.32297432,\n",
              "        0.33398577, 0.36726958, 0.57078097, 0.32389231, 0.22849691,\n",
              "        0.37055053, 0.43464696, 0.47797659, 0.35446502, 0.21108791,\n",
              "        0.64002992, 0.27067347, 0.37342351, 0.35881198, 0.29427666,\n",
              "        0.14321091, 0.1999338 , 0.16576416, 0.5440849 , 0.17959242,\n",
              "        0.6258393 , 0.22822596, 0.29641682, 0.27556425, 0.41994117,\n",
              "        0.1370976 , 0.51990877, 0.31373565, 0.62329767, 0.08158498,\n",
              "        0.57446797, 0.43327166, 0.50614873, 0.24320559, 0.49340446,\n",
              "        0.50225765, 0.68609212, 0.38349248, 0.22096781, 0.1298276 ,\n",
              "        0.38121683, 0.28288569, 0.5428178 , 0.47482092, 0.33182601,\n",
              "        0.36762418, 0.56912243, 0.52842607, 0.36375042, 0.59213476,\n",
              "        0.08498675, 0.4371537 , 0.46150777, 0.22373152, 0.66174433,\n",
              "        0.2007151 , 0.37099736, 0.39360032, 0.08971383, 0.33464857,\n",
              "        0.36992189, 0.49424281, 0.37012992, 0.36056541, 0.67808738,\n",
              "        0.4492037 , 0.41576812, 0.34080854, 0.30700498, 0.46855923,\n",
              "        0.3724632 , 0.53440548, 0.64322895, 0.60634291, 0.28716435,\n",
              "        0.15449934, 0.30077534, 0.42302714, 0.13001403, 0.48419389,\n",
              "        0.31928203, 0.20520818, 0.6548479 , 0.30795894, 0.31145688,\n",
              "        0.42053775, 0.34334043, 0.04721257, 0.26457363, 0.07483624,\n",
              "        0.5446445 , 0.39987872, 0.48287569, 0.21993274, 0.63679446],\n",
              "       [0.25522288, 0.61980384, 0.24837922, 0.32297432, 0.        ,\n",
              "        0.01193472, 0.6085968 , 0.24896602, 0.04341118, 0.54805869,\n",
              "        0.68756765, 0.18120513, 0.76737758, 0.31069261, 0.53006529,\n",
              "        0.73519962, 0.38749851, 0.69375143, 0.20456621, 0.20835221,\n",
              "        0.40619601, 0.31055711, 0.22075394, 0.8542471 , 0.34709952,\n",
              "        0.72582832, 0.36194784, 0.57268569, 0.58037149, 0.5482156 ,\n",
              "        0.45941041, 0.72776442, 0.53927287, 0.71427829, 0.36282237,\n",
              "        0.73510019, 0.75520833, 0.41909217, 0.54321381, 0.80894169,\n",
              "        0.21617217, 1.00802213, 0.52134764, 0.53074771, 0.45217075,\n",
              "        0.30160081, 0.33048203, 0.59820551, 0.20481412, 0.41227604,\n",
              "        0.65083135, 0.56031451, 0.22312252, 0.65231402, 0.74887976,\n",
              "        0.39471525, 0.67194646, 0.33254722, 0.38985892, 0.33877297,\n",
              "        0.24866173, 0.46195449, 0.07266877, 0.4044166 , 0.55517033,\n",
              "        0.4360706 , 0.73237431, 0.50231252, 0.63216574, 0.99972707,\n",
              "        0.74003852, 0.45880085, 0.61122372, 0.24877587, 0.78279253,\n",
              "        0.69437538, 0.2135712 , 0.73150325, 0.28413339, 0.55184569,\n",
              "        0.39992043, 0.53575771, 0.37259106, 0.45189694, 0.17768053,\n",
              "        0.20264717, 0.28576628, 0.9752384 , 0.63056691, 0.55705131,\n",
              "        0.38994141, 0.08876982, 0.27839659, 0.36351593, 0.30054016,\n",
              "        0.24314773, 0.57054327, 0.66015042, 0.40740511, 0.69583775],\n",
              "       [0.26557188, 0.63173209, 0.2390786 , 0.33398577, 0.01193472,\n",
              "        0.        , 0.61580771, 0.23875398, 0.04080323, 0.55858107,\n",
              "        0.69780968, 0.18093994, 0.77608535, 0.31925688, 0.54146405,\n",
              "        0.74473792, 0.39869721, 0.70426648, 0.20170144, 0.21764296,\n",
              "        0.41809382, 0.3221677 , 0.23264209, 0.86599361, 0.35426034,\n",
              "        0.72750792, 0.37347238, 0.58125962, 0.59005171, 0.55890123,\n",
              "        0.47056539, 0.73923071, 0.55107906, 0.71567392, 0.37453883,\n",
              "        0.7458984 , 0.76590149, 0.42484872, 0.55276258, 0.8205508 ,\n",
              "        0.2050321 , 1.0192945 , 0.53226812, 0.54239827, 0.46331989,\n",
              "        0.30908296, 0.34104689, 0.60723356, 0.20232426, 0.42276868,\n",
              "        0.66275751, 0.56777295, 0.21612166, 0.66422405, 0.75959237,\n",
              "        0.40621352, 0.68371214, 0.3375024 , 0.40154361, 0.32785689,\n",
              "        0.25457237, 0.47234916, 0.06371134, 0.41583722, 0.56692842,\n",
              "        0.44614031, 0.74413106, 0.5132127 , 0.64039787, 1.01103231,\n",
              "        0.75195209, 0.46822635, 0.62315795, 0.2579921 , 0.79443456,\n",
              "        0.7050771 , 0.20373134, 0.74089575, 0.27374094, 0.56377974,\n",
              "        0.4118506 , 0.54761695, 0.37119648, 0.46308985, 0.17092319,\n",
              "        0.21088937, 0.2915802 , 0.98664848, 0.6417097 , 0.56894258,\n",
              "        0.38914787, 0.09303744, 0.28916535, 0.37462598, 0.31230283,\n",
              "        0.2313642 , 0.58178507, 0.67131545, 0.41918338, 0.70462932],\n",
              "       [0.38603764, 0.53250821, 0.85066697, 0.36726958, 0.6085968 ,\n",
              "        0.61580771, 0.        , 0.84361249, 0.5862017 , 0.25556147,\n",
              "        0.26058595, 0.76616738, 0.19726275, 0.72161678, 0.35831767,\n",
              "        0.9584946 , 0.62369767, 0.29189113, 0.50967557, 0.65409682,\n",
              "        0.45725678, 0.56444684, 0.52784409, 0.58298908, 0.26154749,\n",
              "        0.35393029, 0.58354994, 0.09729363, 0.17931558, 0.74501953,\n",
              "        0.32892821, 0.76809337, 0.59233611, 0.36242232, 0.41769979,\n",
              "        0.85739766, 0.34579142, 0.87339442, 0.17322714, 0.5175819 ,\n",
              "        0.7006098 , 0.60756659, 0.70923262, 0.40204269, 0.32958125,\n",
              "        0.74726579, 0.64805172, 0.88617646, 0.8010883 , 0.6867402 ,\n",
              "        0.54436898, 0.92827513, 0.83171446, 0.52993292, 0.87587351,\n",
              "        0.3808388 , 0.67140081, 0.82545678, 0.56863438, 0.91805765,\n",
              "        0.36423541, 0.71827228, 0.67901294, 0.36942813, 0.61192391,\n",
              "        0.72455281, 0.71112576, 0.7008866 , 0.07413598, 0.60554689,\n",
              "        0.58058493, 0.77211749, 0.55189853, 0.67173221, 0.5081797 ,\n",
              "        0.31311125, 0.81283672, 0.96500985, 0.87522826, 0.5282898 ,\n",
              "        0.47794329, 0.5738785 , 0.42999767, 0.33431629, 0.7862688 ,\n",
              "        0.67653373, 0.3288477 , 0.60217174, 0.34316838, 0.56883864,\n",
              "        0.40802472, 0.66452848, 0.3828078 , 0.62315128, 0.44122204,\n",
              "        0.75341654, 0.70283419, 0.7659563 , 0.55579308, 0.97235616],\n",
              "       [0.50418877, 0.84690601, 0.03246451, 0.57078097, 0.24896602,\n",
              "        0.23875398, 0.84361249, 0.        , 0.26004098, 0.79692045,\n",
              "        0.9365203 , 0.2118373 , 1.01151404, 0.44455494, 0.77466192,\n",
              "        0.86114443, 0.57759778, 0.94260741, 0.3606636 , 0.37454622,\n",
              "        0.63949852, 0.51913882, 0.4472585 , 1.0913031 , 0.58395343,\n",
              "        0.90093481, 0.56456374, 0.81645012, 0.82847845, 0.71449438,\n",
              "        0.70622321, 0.91663452, 0.74940196, 0.88582073, 0.60343631,\n",
              "        0.89878289, 1.00374459, 0.47870917, 0.790982  , 1.04961762,\n",
              "        0.20206355, 1.2532071 , 0.6960744 , 0.77157454, 0.69903371,\n",
              "        0.41537885, 0.50677465, 0.71659837, 0.18145096, 0.58031344,\n",
              "        0.87807377, 0.64309882, 0.09507298, 0.88181489, 0.9093717 ,\n",
              "        0.63868081, 0.87697855, 0.39092523, 0.59781441, 0.09658465,\n",
              "        0.47946862, 0.6241471 , 0.17722033, 0.64921934, 0.76199767,\n",
              "        0.59126784, 0.9359048 , 0.67722242, 0.87389646, 1.24458134,\n",
              "        0.96847093, 0.59608153, 0.83458102, 0.40582157, 1.02283998,\n",
              "        0.94290416, 0.03752731, 0.85358724, 0.03593851, 0.77581352,\n",
              "        0.6295622 , 0.7497754 , 0.52228503, 0.69847773, 0.11134333,\n",
              "        0.35222852, 0.51483161, 1.21887717, 0.87720069, 0.77356877,\n",
              "        0.54628504, 0.24470388, 0.52697728, 0.55229653, 0.54079906,\n",
              "        0.1657906 , 0.75437977, 0.83857732, 0.61939973, 0.80345342],\n",
              "       [0.25128517, 0.63494656, 0.26467893, 0.32389231, 0.04341118,\n",
              "        0.04080323, 0.5862017 , 0.26004098, 0.        , 0.54372063,\n",
              "        0.680852  , 0.22166485, 0.75148011, 0.35061751, 0.53411865,\n",
              "        0.77223261, 0.41725729, 0.68904313, 0.16135913, 0.2470147 ,\n",
              "        0.42015333, 0.33681187, 0.2427205 , 0.8629871 , 0.32518583,\n",
              "        0.68782897, 0.38891569, 0.5564157 , 0.57016676, 0.5808054 ,\n",
              "        0.46097595, 0.75450386, 0.56157868, 0.67577462, 0.37231011,\n",
              "        0.76684804, 0.75182377, 0.46215088, 0.53230151, 0.8153263 ,\n",
              "        0.1905931 , 1.00983584, 0.55264636, 0.53834869, 0.45370571,\n",
              "        0.34325229, 0.36420144, 0.63675114, 0.24197702, 0.44608756,\n",
              "        0.66571141, 0.60180443, 0.24908427, 0.66611012, 0.78109448,\n",
              "        0.40059927, 0.69479137, 0.37590046, 0.41472906, 0.34377516,\n",
              "        0.22257375, 0.4961048 , 0.09530658, 0.40923906, 0.57836766,\n",
              "        0.47160486, 0.75529509, 0.53377056, 0.6141466 , 1.00191754,\n",
              "        0.75388385, 0.49642244, 0.62807377, 0.28743992, 0.78973732,\n",
              "        0.69115747, 0.22737384, 0.76897718, 0.29363432, 0.56889576,\n",
              "        0.41597729, 0.55679167, 0.33040418, 0.45388921, 0.20484339,\n",
              "        0.24343671, 0.25909021, 0.97869543, 0.63150628, 0.577002  ,\n",
              "        0.34836263, 0.13213951, 0.27753609, 0.39399954, 0.3114052 ,\n",
              "        0.22506962, 0.5995205 , 0.68958623, 0.43067574, 0.7348909 ],\n",
              "       [0.29315149, 0.27705291, 0.79409837, 0.22849691, 0.54805869,\n",
              "        0.55858107, 0.25556147, 0.79692045, 0.54372063, 0.        ,\n",
              "        0.14246069, 0.66129339, 0.27705909, 0.54712671, 0.10509069,\n",
              "        0.71339124, 0.41443054, 0.14569282, 0.54040061, 0.50942687,\n",
              "        0.24130733, 0.37971618, 0.38427546, 0.37489407, 0.27811177,\n",
              "        0.59894084, 0.38055853, 0.15826876, 0.08225459, 0.50767869,\n",
              "        0.10958255, 0.51268935, 0.34474083, 0.60412562, 0.22868752,\n",
              "        0.60454278, 0.20822531, 0.69181053, 0.08375011, 0.31308718,\n",
              "        0.70912749, 0.47503421, 0.47363097, 0.14910362, 0.11483286,\n",
              "        0.58033683, 0.45872894, 0.65605215, 0.70207744, 0.47560843,\n",
              "        0.29013599, 0.71433764, 0.75690522, 0.27647931, 0.62296545,\n",
              "        0.1845536 , 0.41591596, 0.66466201, 0.35610505, 0.88602924,\n",
              "        0.36571233, 0.49724221, 0.61980942, 0.17107944, 0.36309846,\n",
              "        0.51109505, 0.45600059, 0.46847943, 0.20550016, 0.4685138 ,\n",
              "        0.3360388 , 0.55882412, 0.29639166, 0.51329831, 0.29472576,\n",
              "        0.14782827, 0.76102156, 0.72111606, 0.83218742, 0.27604113,\n",
              "        0.26302789, 0.32583393, 0.54220457, 0.11800753, 0.71258563,\n",
              "        0.53630245, 0.34733317, 0.45076406, 0.11116967, 0.31760744,\n",
              "        0.52933856, 0.57175696, 0.27015299, 0.42135033, 0.27986153,\n",
              "        0.75587471, 0.45784077, 0.51430668, 0.33739207, 0.73516186],\n",
              "       [0.43236772, 0.33640585, 0.93466588, 0.37055053, 0.68756765,\n",
              "        0.69780968, 0.26058595, 0.9365203 , 0.680852  , 0.14246069,\n",
              "        0.        , 0.80375139, 0.17498514, 0.68283565, 0.21352908,\n",
              "        0.80034395, 0.5407841 , 0.03287861, 0.66244065, 0.65044276,\n",
              "        0.37169949, 0.51580665, 0.52626546, 0.32395948, 0.39130881,\n",
              "        0.6120526 , 0.51071977, 0.18567065, 0.12051882, 0.61017632,\n",
              "        0.24850868, 0.56983447, 0.4388573 , 0.62176681, 0.3681292 ,\n",
              "        0.67519154, 0.08879751, 0.82384252, 0.15830712, 0.25880814,\n",
              "        0.83913749, 0.36365986, 0.57911097, 0.24941936, 0.25456155,\n",
              "        0.71734449, 0.59180219, 0.76246479, 0.84453139, 0.59932667,\n",
              "        0.33644537, 0.83186382, 0.89868317, 0.31943143, 0.69298865,\n",
              "        0.32430525, 0.47502837, 0.80210201, 0.4827952 , 1.02428698,\n",
              "        0.48941506, 0.61443829, 0.75974534, 0.31103395, 0.45367241,\n",
              "        0.63266621, 0.5005409 , 0.57734891, 0.18772742, 0.35946151,\n",
              "        0.34556495, 0.67942986, 0.36190469, 0.6525559 , 0.25237825,\n",
              "        0.05649133, 0.90099523, 0.80992392, 0.97154068, 0.36338974,\n",
              "        0.3927009 , 0.4201839 , 0.63804828, 0.25708671, 0.85417291,\n",
              "        0.6775546 , 0.46548109, 0.35003525, 0.12773457, 0.40496847,\n",
              "        0.62122555, 0.71389029, 0.41100517, 0.55083028, 0.42165055,\n",
              "        0.8875985 , 0.55147414, 0.59146546, 0.46165874, 0.83285067],\n",
              "       [0.38637604, 0.66093028, 0.18804474, 0.43464696, 0.18120513,\n",
              "        0.18093994, 0.76616738, 0.2118373 , 0.22166485, 0.66129339,\n",
              "        0.80375139, 0.        , 0.90763543, 0.23322985, 0.61753714,\n",
              "        0.65124101, 0.37558821, 0.80371518, 0.38067713, 0.17629415,\n",
              "        0.46651881, 0.32987482, 0.28057735, 0.91346845, 0.50882335,\n",
              "        0.90659358, 0.3691041 , 0.71707364, 0.70914634, 0.50393448,\n",
              "        0.55881523, 0.70909005, 0.55266127, 0.89527465, 0.44382715,\n",
              "        0.68728336, 0.85958956, 0.28049412, 0.67491163, 0.8782558 ,\n",
              "        0.3207031 , 1.09016045, 0.48708652, 0.60579707, 0.55210122,\n",
              "        0.2035664 , 0.30226526, 0.50698664, 0.04248273, 0.37153278,\n",
              "        0.69167612, 0.44088704, 0.12484526, 0.69761804, 0.69768131,\n",
              "        0.48482107, 0.67560808, 0.18924044, 0.4040974 , 0.30437083,\n",
              "        0.41966201, 0.4137568 , 0.14398137, 0.49718707, 0.56318504,\n",
              "        0.38031692, 0.73325195, 0.4684847 , 0.77962615, 1.08064299,\n",
              "        0.78186616, 0.38425238, 0.64545744, 0.20068921, 0.85068237,\n",
              "        0.79968097, 0.17939337, 0.64423246, 0.24285263, 0.58842437,\n",
              "        0.45256356, 0.55542661, 0.55163924, 0.55040876, 0.1017635 ,\n",
              "        0.15014995, 0.45650329, 1.05196506, 0.72432712, 0.58040032,\n",
              "        0.56998651, 0.10291989, 0.39949492, 0.35064031, 0.38448831,\n",
              "        0.31744977, 0.54687936, 0.629167  , 0.42744813, 0.59653803],\n",
              "       [0.52174075, 0.51094482, 1.01488748, 0.47797659, 0.76737758,\n",
              "        0.77608535, 0.19726275, 1.01151404, 0.75148011, 0.27705909,\n",
              "        0.17498514, 0.90763543, 0.        , 0.81957762, 0.37255363,\n",
              "        0.97289939, 0.69146775, 0.20404505, 0.69544792, 0.77151733,\n",
              "        0.51820732, 0.65293434, 0.64323886, 0.47056981, 0.43069036,\n",
              "        0.49907753, 0.65708653, 0.19506441, 0.20545127, 0.77720167,\n",
              "        0.38452707, 0.74480565, 0.60799306, 0.51295014, 0.49981477,\n",
              "        0.8498538 , 0.22383324, 0.96668877, 0.23482771, 0.40912622,\n",
              "        0.88405578, 0.43980297, 0.74466777, 0.41322409, 0.3887824 ,\n",
              "        0.85101618, 0.73375288, 0.92813078, 0.94595431, 0.75263839,\n",
              "        0.51142926, 0.99068679, 0.98818433, 0.49440114, 0.867715  ,\n",
              "        0.45627666, 0.64997566, 0.93421678, 0.63315483, 1.09186123,\n",
              "        0.53651815, 0.77319752, 0.83976255, 0.44285643, 0.62398637,\n",
              "        0.78795835, 0.67502142, 0.74119475, 0.14113775, 0.44021533,\n",
              "        0.51634146, 0.8356001 , 0.53607638, 0.78055462, 0.40982118,\n",
              "        0.22731001, 0.9784571 , 0.98206836, 1.04479792, 0.53371063,\n",
              "        0.5399651 , 0.58908233, 0.62687669, 0.39255773, 0.94265583,\n",
              "        0.79702638, 0.50444162, 0.44506984, 0.30146613, 0.57573363,\n",
              "        0.60517224, 0.810302  , 0.50855409, 0.6979456 , 0.54280721,\n",
              "        0.93590507, 0.72147857, 0.7652691 , 0.61435427, 1.00239417],\n",
              "       [0.34899219, 0.46593572, 0.42126341, 0.35446502, 0.31069261,\n",
              "        0.31925688, 0.72161678, 0.44455494, 0.35061751, 0.54712671,\n",
              "        0.68283565, 0.23322985, 0.81957762, 0.        , 0.47386823,\n",
              "        0.42930761, 0.16541457, 0.67411996, 0.49892582, 0.10472574,\n",
              "        0.31229475, 0.16742542, 0.19932991, 0.72322443, 0.50007641,\n",
              "        0.94686344, 0.1788079 , 0.6486513 , 0.61418683, 0.27096803,\n",
              "        0.43754884, 0.47894688, 0.34295174, 0.94022322, 0.31982273,\n",
              "        0.45422836, 0.71954842, 0.15194825, 0.58776593, 0.69832379,\n",
              "        0.51530239, 0.91649768, 0.25610556, 0.44874522, 0.43249868,\n",
              "        0.03923908, 0.09518174, 0.28884646, 0.26926109, 0.14251625,\n",
              "        0.49476927, 0.25461157, 0.35727476, 0.50410562, 0.46495338,\n",
              "        0.36361857, 0.45465179, 0.12186108, 0.21284265, 0.53758954,\n",
              "        0.44945042, 0.18113369, 0.32752183, 0.37710796, 0.34916643,\n",
              "        0.14718576, 0.50965037, 0.23805569, 0.71253652, 0.90598125,\n",
              "        0.58184514, 0.15437873, 0.44572529, 0.06580441, 0.67044203,\n",
              "        0.66410627, 0.41073904, 0.42429232, 0.47606724, 0.39445521,\n",
              "        0.2923012 , 0.35016693, 0.64738047, 0.42915712, 0.33342837,\n",
              "        0.1086551 , 0.47905305, 0.87388482, 0.57907386, 0.37620515,\n",
              "        0.65809453, 0.2357361 , 0.3429566 , 0.14478595, 0.2816058 ,\n",
              "        0.52714505, 0.31774418, 0.39709239, 0.23742056, 0.38549368],\n",
              "       [0.28738017, 0.17892098, 0.7676516 , 0.21108791, 0.53006529,\n",
              "        0.54146405, 0.35831767, 0.77466192, 0.53411865, 0.10509069,\n",
              "        0.21352908, 0.61753714, 0.37255363, 0.47386823, 0.        ,\n",
              "        0.60872895, 0.32744021, 0.20099058, 0.56177598, 0.45291493,\n",
              "        0.16165918, 0.30885918, 0.33716769, 0.33491681, 0.32497071,\n",
              "        0.69425626, 0.29866909, 0.26134518, 0.18723804, 0.4055927 ,\n",
              "        0.07737522, 0.4104291 , 0.24012399, 0.69799909, 0.17399334,\n",
              "        0.49982853, 0.24669142, 0.61165269, 0.18509053, 0.28243992,\n",
              "        0.71315538, 0.47854749, 0.37243356, 0.04405021, 0.08421396,\n",
              "        0.50976109, 0.38100749, 0.55573629, 0.65961436, 0.38581038,\n",
              "        0.19706024, 0.61984898, 0.72356454, 0.18610977, 0.51827328,\n",
              "        0.1359917 , 0.3141821 , 0.59468134, 0.2696583 , 0.86770281,\n",
              "        0.39168224, 0.40216429, 0.59858476, 0.12567272, 0.25818784,\n",
              "        0.41938118, 0.35792962, 0.36864683, 0.31058628, 0.46998654,\n",
              "        0.25952168, 0.46637298, 0.19527128, 0.44953111, 0.25799564,\n",
              "        0.19024125, 0.73762518, 0.61666183, 0.81052313, 0.17101265,\n",
              "        0.18165329, 0.22116406, 0.59374869, 0.08264713, 0.681163  ,\n",
              "        0.48072212, 0.38263131, 0.44518619, 0.10741128, 0.21251754,\n",
              "        0.58469782, 0.53749504, 0.25823043, 0.33827934, 0.23538019,\n",
              "        0.75572212, 0.35355776, 0.40930365, 0.24819485, 0.63229738],\n",
              "       [0.68088498, 0.46660549, 0.83412482, 0.64002992, 0.73519962,\n",
              "        0.74473792, 0.9584946 , 0.86114443, 0.77223261, 0.71339124,\n",
              "        0.80034395, 0.65124101, 0.97289939, 0.42930761, 0.60872895,\n",
              "        0.        , 0.38067221, 0.77577561, 0.90651598, 0.527164  ,\n",
              "        0.51014044, 0.46741318, 0.56040789, 0.64914846, 0.81922989,\n",
              "        1.26273989, 0.4216368 , 0.86437911, 0.79563728, 0.22013861,\n",
              "        0.62987566, 0.2665604 , 0.36865624, 1.26150377, 0.56373432,\n",
              "        0.15138694, 0.78767582, 0.39506812, 0.7884403 , 0.66490884,\n",
              "        0.94423767, 0.85955921, 0.25669651, 0.56518936, 0.62973266,\n",
              "        0.45031144, 0.41208363, 0.14458701, 0.67982703, 0.33278016,\n",
              "        0.47409992, 0.23893716, 0.76809718, 0.49146013, 0.14120131,\n",
              "        0.58907729, 0.33987533, 0.47346437, 0.41741811, 0.94836072,\n",
              "        0.81106088, 0.28349757, 0.75682213, 0.59787691, 0.35072135,\n",
              "        0.30218979, 0.34556117, 0.27004602, 0.91817345, 0.84764413,\n",
              "        0.5125925 , 0.27661068, 0.43990326, 0.48696918, 0.64340205,\n",
              "        0.75534189, 0.83039093, 0.0152761 , 0.88918975, 0.44008771,\n",
              "        0.4923024 , 0.38758556, 1.03232747, 0.62496201, 0.7529292 ,\n",
              "        0.53704673, 0.82988994, 0.81019246, 0.67260938, 0.3979234 ,\n",
              "        1.03710053, 0.66481369, 0.65878894, 0.39684592, 0.57474935,\n",
              "        0.95622748, 0.25596642, 0.21189385, 0.42024218, 0.08086839],\n",
              "       [0.30163943, 0.30054053, 0.55904313, 0.27067347, 0.38749851,\n",
              "        0.39869721, 0.62369767, 0.57759778, 0.41725729, 0.41443054,\n",
              "        0.5407841 , 0.37558821, 0.69146775, 0.16541457, 0.32744021,\n",
              "        0.38067221, 0.        , 0.52788869, 0.53412968, 0.20305673,\n",
              "        0.17344586, 0.08752125, 0.18410015, 0.55782223, 0.4455265 ,\n",
              "        0.8958911 , 0.04262479, 0.53916756, 0.48974122, 0.16825712,\n",
              "        0.30829176, 0.34258478, 0.17944575, 0.8927388 , 0.20618877,\n",
              "        0.35055306, 0.56750129, 0.28627111, 0.46978975, 0.53390396,\n",
              "        0.60367055, 0.75248845, 0.13667471, 0.29606075, 0.30492519,\n",
              "        0.2046315 , 0.07444192, 0.27257498, 0.41613763, 0.0630628 ,\n",
              "        0.32937402, 0.30485476, 0.49944585, 0.33872686, 0.36550549,\n",
              "        0.24378228, 0.30019717, 0.28512228, 0.05836107, 0.67372232,\n",
              "        0.4304331 , 0.10104657, 0.42978004, 0.25604916, 0.18813412,\n",
              "        0.10090703, 0.35849855, 0.11844065, 0.60066194, 0.74183306,\n",
              "        0.41682276, 0.14843748, 0.28041817, 0.17498903, 0.5060689 ,\n",
              "        0.51521619, 0.54117759, 0.38162293, 0.61174772, 0.22930255,\n",
              "        0.15165093, 0.18529575, 0.65209002, 0.30074509, 0.46760672,\n",
              "        0.22646718, 0.4501015 , 0.70929953, 0.42775214, 0.21124982,\n",
              "        0.65648043, 0.34022216, 0.28176856, 0.02531068, 0.19927635,\n",
              "        0.62757354, 0.18313744, 0.27266859, 0.07944675, 0.36824383],\n",
              "       [0.43879193, 0.31017507, 0.93963479, 0.37342351, 0.69375143,\n",
              "        0.70426648, 0.29189113, 0.94260741, 0.68904313, 0.14569282,\n",
              "        0.03287861, 0.80371518, 0.20404505, 0.67411996, 0.20099058,\n",
              "        0.77577561, 0.52788869, 0.        , 0.67790005, 0.64660903,\n",
              "        0.36190715, 0.50795589, 0.52448406, 0.291688  , 0.40853987,\n",
              "        0.64414477, 0.49965648, 0.21341071, 0.14167484, 0.58956292,\n",
              "        0.24533328, 0.5414556 , 0.41750941, 0.65363581, 0.36375378,\n",
              "        0.64826751, 0.06596113, 0.81262213, 0.17743384, 0.22642357,\n",
              "        0.85154985, 0.34155068, 0.55939101, 0.23319759, 0.25186056,\n",
              "        0.70944655, 0.5818121 , 0.74226292, 0.84493773, 0.58510035,\n",
              "        0.30842349, 0.81469493, 0.90170647, 0.29122371, 0.66591781,\n",
              "        0.32062581, 0.44739021, 0.79435643, 0.47040028, 1.03164721,\n",
              "        0.50387654, 0.59787439, 0.76548182, 0.30768798, 0.43144458,\n",
              "        0.61750394, 0.4710139 , 0.55852493, 0.21960953, 0.33659876,\n",
              "        0.31390123, 0.66374566, 0.33624475, 0.646696  , 0.21955877,\n",
